5590.7
5590.7
5590.7
5591.0
5590.8
5591.4
5591.4
5591.4
5591.4
5591.4
5591.4
5591.4
5591.4
5591.5
5591.6
5591.6
5591.7
5591.9
5591.9
5592.0
5592.4
5592.4
5592.4
5592.4
5592.4
5592.4
5592.4
5592.4
5592.4
5592.5
5592.6
5592.6
5592.6
5592.6
5592.6
5592.6
5592.6
5592.6
5592.6
5592.6
5592.6
5592.7
5593.3
5593.4
5593.4
5593.5
5593.5
5593.6
5593.6
5593.6
5593.6
5593.6
5593.6
5593.6
5593.6
5593.7
5593.8
5593.8
5593.8
5593.8
5593.8
5593.8
5593.8
5593.8
5593.8
5593.8
5593.8
5593.8
5593.8
5593.8
5593.8
5593.8
5593.8
5593.8
5593.8
5593.8
5593.8
5593.8
5593.8
5593.8
5593.8
5593.8
5593.8
5593.8
5593.8
5593.8
5593.8
5593.8
5593.8
5593.8
5593.8
5593.8
5593.8
5593.8
5593.8
5593.8
5593.8
5593.8
5593.8
5593.8
5593.8
5593.8
5593.8
5593.8
5593.8
5593.8
5593.8
5593.8
5593.8
5593.8
5593.8
5593.8
5593.8
5593.8
5593.8
5593.8
5593.8
5590.9
5590.9
5590.3
5590.3
5590.4
5590.4
5590.4
5590.8
5589.8
5589.9
5589.9
5589.9
5589.9
5590.0
5590.0
5590.1
5590.4
5590.5
5590.5
5590.6
5590.6
5590.6
5590.5
5590.5
5591.1
5591.1
5591.4
5591.5
5591.5
5591.5
5591.5
5592.6
5592.6
5592.6
5592.6
5592.7
5593.2
5593.2
5593.2
5593.2
5586.7
5586.7
5587.9
5588.0
5588.0
5589.3
5589.3
5589.3
5589.3
5589.3
5589.3
5589.3
5589.3
5589.6
5590.2
5590.2
5590.3
5590.3
5590.3
5590.3
5590.3
5590.4
5590.4
5591.4
5591.5
5591.5
5591.5
5591.5
5591.5
5591.5
5591.5
5591.5
5591.5
5590.6
5590.7
5590.7
5591.6
5591.6
5590.7
5590.7
5590.7
5590.7
5590.8
5590.8
5590.8
5590.8
5590.8
5590.8
5590.8
5590.8
5590.7
5590.7
5590.7
5591.4
5591.4
5591.4
5591.4
5591.5
5591.5
5591.5
5591.5
5591.5
5591.5
5591.5
5591.5
5591.5
5591.5
5591.5
5592.1
5592.1
5592.3
5592.3
5592.3
5591.5
5591.5
5591.5
5591.5
5589.6
5589.6
5589.7
5589.7
5589.7
5589.7
5589.7
5589.7
5589.7
5589.7
5589.8
5589.8
5589.8
5589.8
5589.8
5589.8
5589.8
5589.8
5589.9
5589.9
5589.9
5589.9
5589.9
5589.9
5589.9
5591.0
5591.0
5591.0
5589.9
5589.9
5589.9
5589.9
5589.9
5589.9
5589.9
5589.9
5589.9
5589.9
5590.6
5590.7
5590.7
5590.7
5590.7
5590.7
5590.7
5590.7
5590.7
5590.7
5589.9
5589.9
5589.9
5589.9
5589.9
5589.9
5589.9
5589.9
5589.9
5589.9
5589.9
5589.9
5589.9
5589.9
5589.9
5589.9
5589.9
5589.9
5589.9
5589.9
5589.9
5589.9
5589.9
5589.9
5589.9
5589.9
5587.9
5587.9
5587.9
5587.9
5587.9
5587.9
5587.9
5587.9
5585.0
5585.0
5585.0
5585.0
5585.0
5584.1
5585.6
5585.7
5585.7
5586.4
5586.4
5586.4
5586.4
5586.4
5586.4
5586.4
5586.4
5586.4
5586.4
5586.4
5586.4
5586.4
5586.4
5586.4
5586.4
5586.4
5586.4
5586.4
5586.5
5586.5
5586.5
5586.5
5586.5
5586.5
5586.5
5586.5
5586.5
5586.5
5586.4
5586.4
5586.4
5586.4
5586.4
5586.4
5586.4
5586.6
5586.7
5586.7
5586.7
5587.2
5587.2
5587.3
5588.5
5588.5
5588.5
5588.6
5588.7
5588.7
5588.7
5589.7
5589.8
5589.8
5589.8
5589.8
5589.8
5589.8
5589.8
5589.8
5589.8
5589.8
5589.8
5591.0
5591.0
5591.2
5591.3
5591.3
5591.3
5591.3
5591.5
5591.6
5591.6
5591.7
5591.7
5591.7
5591.7
5592.9
5593.0
5593.0
5593.0
5593.0
5593.0
5593.0
5593.0
5593.0
5593.0
5593.0
5593.1
5593.3
5593.3
5593.3
5593.4
5593.6
5593.6
5593.6
5593.6
5593.6
5593.7
5593.7
5593.8
5593.8
5593.9
5593.9
5593.9
5593.9
5593.9
5593.9
5593.9
5593.9
5593.9
5593.9
5593.9
5593.9
5593.9
5593.9
5593.9
5593.9
5593.9
5593.9
5594.0
5595.6
5595.6
5595.7
5595.7
5595.7
5595.8
5596.8
5596.8
5596.9
5596.9
5596.9
5598.0
5598.1
5598.0
5598.1
5598.1
5598.2
5598.2
5598.2
5598.2
5598.2
5598.2
5598.2
5598.2
5598.2
5598.2
5598.2
5598.2
5598.2
5598.3
5598.5
5598.6
5598.8
5598.8
5598.8
5598.8
5598.9
5598.9
5599.2
5599.2
5599.2
5599.2
5599.2
5599.2
5599.2
5599.2
5599.3
5599.7
5599.7
5599.7
5599.7
5599.7
5599.7
5599.8
5599.8
5600.0
5600.0
5600.0
5600.0
5600.1
5600.2
5600.2
5600.2
5600.2
5600.2
5600.2
5600.3
5600.3
5600.6
5600.6
5600.6
5600.6
5600.6
5600.6
5600.6
5600.6
5600.6
5600.6
5600.6
5600.6
5600.6
5600.6
5600.6
5600.6
5600.6
5600.6
5600.6
5600.6
5600.6
5600.6
5600.6
5600.6
5600.6
5600.0
5600.0
5600.0
5600.0
5600.0
5600.0
5600.0
5600.0
5600.0
5600.0
5600.0
5600.0
5600.0
5600.0
5600.0
5600.0
5600.0
5600.0
5600.0
5600.0
5600.0
5600.0
5600.0
5600.0
5600.0
5600.0
5600.0
5600.0
5600.0
5600.0
5600.0
5600.0
5600.0
5600.0
5600.0
5599.2
5599.2
5599.2
5599.2
5599.2
5599.2
5599.2
5599.2
5599.2
5599.2
5599.2
5599.2
5599.2
5599.2
5599.2
5599.2
5599.2
5599.2
5599.2
5599.2
5599.2
5599.2
5599.2
5599.2
5599.2
5599.2
5599.2
5599.2
5599.2
5599.2
5599.2
5599.2
5599.2
5599.2
5599.2
5599.2
5599.2
5599.2
5599.2
5599.2
5599.2
5599.2
5599.2
5599.2
5599.2
5599.2
5599.2
5599.2
5599.2
5599.2
5599.2
5599.2
5599.2
5599.2
5599.2
5594.3
5594.3
5594.3
5594.3
5594.3
5594.3
5594.3
5594.3
5594.1
5591.1
5591.1
5591.2
5591.6
5591.7
5591.7
5591.8
5591.9
5592.0
5592.1
5592.1
5592.1
5592.1
5592.1
5592.2
5592.4
5592.4
5592.5
5592.6
5592.6
5593.3
5593.3
5593.4
5593.4
5593.4
5593.7
5593.7
5593.7
5593.7
5593.7
5593.7
5593.7
5593.7
5593.7
5593.7
5593.7
5593.7
5593.7
5593.7
5593.7
5593.7
5593.7
5593.7
5593.8
5593.9
5593.9
5593.9
5594.0
5594.2
5594.2
5594.3
5594.6
5594.6
5594.6
5594.6
5594.6
5594.6
5594.7
5595.1
5595.2
5595.2
5595.2
5595.2
5595.2
5595.4
5595.4
5595.5
5595.7
5595.7
5595.7
5595.7
5595.9
5596.0
5596.0
5596.0
5596.0
5596.0
5596.0
5596.0
5596.1
5596.1
5596.2
5596.3
5596.9
5597.1
5597.1
5597.2
5597.7
5597.7
5597.7
5597.7
5598.3
5598.5
5598.5
5598.6
5598.6
5598.7
5598.7
5598.8
5598.9
5598.9
5598.9
5598.9
5599.0
5599.0
5599.2
5599.2
5599.2
5599.2
5599.2
5599.2
5599.2
5599.2
5599.2
5599.2
5599.2
5599.2
5599.2
5599.2
5599.2
5599.2
5599.2
5599.2
5599.2
5599.2
5599.2
5599.2
5599.2
5599.2
5599.2
5599.2
5599.2
5599.2
5599.2
5599.2
5599.2
5599.2
5599.2
5599.2
5599.2
5599.2
5599.2
5599.2
5599.2
5599.2
5599.2
5599.2
5599.2
5599.2
5599.2
5598.9
5598.9
5598.9
5598.9
5598.9
5598.9
5598.9
5598.9
5598.9
5598.9
5598.9
5598.9
5598.9
5598.9
5598.9
5598.9
5598.9
5598.9
5598.9
5598.9
5598.9
5598.9
5598.9
5598.9
5598.9
5598.9
5598.9
5598.9
5598.9
5598.9
5598.9
5598.9
5598.9
5598.9
5598.9
5598.9
5598.9
5598.9
5598.9
5598.9
5598.9
5598.9
5598.9
5595.8
5595.8
5593.6
5593.6
5593.6
5593.8
5593.8
5593.8
5593.9
5593.9
5593.9
5593.9
5594.0
5593.9
5593.9
5594.2
5594.3
5594.3
5594.6
5595.1
5595.1
5595.2
5595.2
5595.2
5595.2
5594.3
5594.5
5594.5
5594.5
5594.5
5594.5
5594.5
5594.3
5594.3
5594.3
5594.3
5594.3
5594.1
5594.1
5594.1
5591.4
5591.4
5591.5
5591.5
5591.6
5591.6
5591.8
5591.8
5591.8
5591.8
5591.9
5592.0
5592.0
5592.0
5592.7
5592.0
5592.1
5592.3
5592.3
5592.4
5592.5
5592.6
5592.8
5593.0
5593.0
5592.8
5592.8
5591.3
5591.3
5591.3
5591.3
5591.3
5591.3
5591.1
5591.2
5589.3
5589.5
5589.5
5589.5
5589.5
5589.6
5589.6
5589.6
5589.6
5589.6
5589.6
5589.7
5589.8
5589.8
5589.8
5589.8
5589.8
5589.8
5589.8
5590.6
5590.6
5590.6
5590.7
5590.7
5590.7
5590.7
5589.8
5589.8
5589.8
5589.4
5589.5
5589.6
5591.0
5593.0
5593.0
5593.0
5593.0
5593.0
5593.0
5593.0
5593.0
5593.0
5593.0
5593.0
5593.0
5593.0
5593.0
5593.0
5593.0
5593.0
5593.0
5593.0
5593.0
5593.0
5593.0
5593.0
5593.0
5593.0
5593.0
5593.0
5593.0
5593.0
5593.0
5593.0
5593.0
5593.0
5593.0
5593.0
5593.0
5593.0
5593.0
5593.1
5593.1
5593.2
5593.2
5593.2
5593.3
5593.3
5594.4
5594.5
5594.5
5594.4
5594.4
5594.4
5593.3
5593.3
5593.3
5593.3
5593.6
5593.6
5593.6
5593.6
5593.6
5593.6
5593.6
5593.6
5593.6
5593.6
5593.6
5593.0
5593.0
5593.0
5593.0
5593.0
5593.0
5593.0
5593.0
5593.0
5593.0
5593.0
5593.0
5593.0
5593.0
5593.0
5593.0
5593.0
5593.0
5593.0
5593.0
5593.0
5593.0
5593.0
5593.0
5593.0
5593.0
5593.0
5593.0
5593.0
5593.0
5593.0
5593.0
5593.0
5593.0
5593.0
5593.0
5593.0
5593.0
5593.0
5593.0
5593.0
5593.0
5593.0
5593.0
5593.0
5593.0
5593.0
5593.0
5593.0
5593.0
5591.0
5591.0
5591.0
5591.0
5589.9
5589.1
5590.0
5590.0
5590.4
5590.5
5590.5
5590.5
5590.9
5590.9
5591.0
5591.0
5591.2
5591.3
5591.4
5591.3
5591.5
5591.5
5591.5
5591.5
5591.6
5591.7
5591.7
5591.7
5591.8
5591.8
5591.9
5591.9
5591.9
5591.9
5591.9
5592.0
5592.1
5592.1
5592.2
5592.2
5592.2
5594.2
5594.2
5594.3
5594.5
5594.5
5594.5
5594.5
5594.5
5594.5
5594.6
5594.7
5594.7
5594.7
5594.8
5594.8
5594.8
5594.8
5594.8
5594.8
5594.8
5594.8
5594.8
5594.8
5594.8
5594.8
5594.8
5594.8
5594.8
5594.8
5594.8
5594.8
5594.8
5594.8
5594.8
5594.8
5594.8
5594.8
5594.8
5594.8
5594.8
5594.8
5594.8
5594.8
5594.8
5594.8
5594.8
5594.8
5594.8
5594.8
5594.8
5594.9
5595.2
5595.3
5595.3
5595.4
5595.5
5595.7
5595.8
5595.9
5596.0
5596.0
5596.0
5596.0
5596.0
5596.0
5596.0
5596.0
5596.0
5596.0
5596.0
5596.0
5596.0
5596.0
5596.0
5596.0
5596.0
5596.0
5596.0
